0 0.396667 0.266827 0.126667 0.274038
0 0.9375 0.260817 0.121667 0.382212
0 0.565 0.288462 0.126667 0.307692
0 0.476667 0.403846 0.113333 0.3125
0 0.768333 0.637019 0.136667 0.360577
0 0.204167 0.280048 0.135 0.28125
0 0.833333 0.451923 0.17 0.322115
0 0.305 0.375 0.16 0.346154
0 0.556667 0.540865 0.15 0.360577
0 0.905833 0.713942 0.168333 0.5
0 0.229167 0.554087 0.145 0.334135
0 0.6625 0.447115 0.155 0.298077
0 0.851667 0.314904 0.16 0.298077
0 0.699167 0.307692 0.158333 0.346154
0 0.0925 0.495192 0.158333 0.413462
0 0.38 0.566106 0.186667 0.391827
0 0.82 0.822115 0.216667 0.355769
0 0.310833 0.793269 0.188333 0.413462
0 0.484167 0.776442 0.178333 0.442308
0 0.146667 0.742788 0.216667 0.504808
0 0.6475 0.759615 0.191667 0.480769
